>> Lim1 = 0; Lim2 = 2; delta = 0.0001;
>> [Raiz1, Iter] = bissecao(Lim1, Lim2, delta)

Raiz1 =

    1.1141


Iter =

    14

>> format long
>> Raiz1

Raiz1 =

   1.114135742187500

>> fbi(Raiz1)

ans =

   -2.971872073043169e-005

>> format short
>> fbi(Raiz1)

ans =

 -2.9719e-005

>> format long
>> x = (Lim1: 0.1: Lim2)'

x =

                   0
   0.100000000000000
   0.200000000000000
   0.300000000000000
   0.400000000000000
   0.500000000000000
   0.600000000000000
   0.700000000000000
   0.800000000000000
   0.900000000000000
   1.000000000000000
   1.100000000000000
   1.200000000000000
   1.300000000000000
   1.400000000000000
   1.500000000000000
   1.600000000000000
   1.700000000000000
   1.800000000000000
   1.900000000000000
   2.000000000000000

>> format short
>> x

x =

         0
    0.1000
    0.2000
    0.3000
    0.4000
    0.5000
    0.6000
    0.7000
    0.8000
    0.9000
    1.0000
    1.1000
    1.2000
    1.3000
    1.4000
    1.5000
    1.6000
    1.7000
    1.8000
    1.9000
    2.0000

>> size(x)

ans =

    21     1

>> y = x.*sin(x) - 1

y =

   -1.0000
   -0.9900
   -0.9603
   -0.9113
   -0.8442
   -0.7603
   -0.6612
   -0.5490
   -0.4261
   -0.2950
   -0.1585
   -0.0197
    0.1184
    0.2526
    0.3796
    0.4962
    0.5993
    0.6858
    0.7529
    0.7980
    0.8186

>> size(y)

ans =

    21     1

>> plot (x,y)
>> xlabel('Eixo X')
>> xlabel('Eixo Y')
>> xlabel('Eixo X')
>> ylabel('Eixo Y')
>> titlr('Caio')
Undefined function 'titlr' for input arguments of type 'char'.
 
>> title('Caio')
>> grid
>> 